101000.
100000.
99000.
98000.
97000.
96000.
95000.
94000.
93000.
92000.
91000.
90000.
89000.
88000.
87000.
86000.
85000.
84000.
83000.
82000.
81000.
80000.
77500.
75000.
72500.
70000.
67500.
65000.
62500.
60000.
57500.
55000.
52500.
50000.
47500.
45000.
42500.
40000.
37500.
35000.
32500.
30000.
28000.
26000.
24000.
22000.
20000.
19000.
18000.
17000.
16000.
15000.
14000.
13000.
12000.
11000.
10401.23842568
9464.68561727
8611.75611196
7834.96484375
7127.05859375
6480.85351562
5891.58789062
5354.86132812
4865.74804688
4419.8828125
4013.44238281
3642.94140625
3305.20080566
2997.32421875
2716.67102051
2460.83398438
2227.61889648
2015.02539062
1821.22998047
1644.57055664
1483.60742188
1337.09008789
1203.85314941
1082.81188965
972.95776367
873.35437012
783.13342285
701.49108887
627.68395996
561.02514648
500.88085938
446.6673584
397.84741211
353.92700195
314.45275879
279.00915527
247.21544647
218.72327423
193.21455383
170.39893341
150.01178741
131.81220245
115.58110046
